04assessmentofstat00onta
11427.ome
190191PREDBS71908eng
1905v39i14p85_0299
1916v51i28p75_1228
1921v57i5p12_1556
1922v58i5p12_1613
1923v59i4p19_1671
1924v60i4p19_1712
1925v61i4p19_1765
1935981935fnfldv11937eng
1935981935fnfldv21937eng
1935981935pnfld1935eng
197000TTAGEPOLLU00SNSN18597.ome
19700OTTAGEPOLLU00SNSN10577.ome
1970C0TTAGEPOLLU00SNSN08221.ome
1970COTTAGEPOLLU00SNSN08222.ome
1970COTTAGEPOLLU00SNSN08224.ome
1970COTTAGEPOLLU00SNSN19566.ome
1970COTTAGEPOLLU00SNSN19768.ome
1970COTTAGEPOLLU00SNSN19770.ome
1970COTTAGEPOLLU00SNSN19774.ome
19861987annualre00unse
1990allalbertast00gart
1990canadianlong06onta
19911992annualre00unse
199196321MPENO11997eng
1996publicsurvey00nort_0
1997surveyabouth1997nort
1998publicsurvey1998nort
20002001directio00hami
2000publicsurvey2000albe
2002publicsurvey2002univ
2004publicsurvey2004nort
2009measuringmon00heal
2ndmentallycomm00onta
31761009778648
31761010462422
31761049004518
31761049010473
31761056868151
31761056882459
31761056886120
31761056886336
31761056886385
31761056886393
31761056886401
31761056886419
31761056886427
31761056886617
31761056887433
31761056887706
31761056887714
31761056887722
31761056887730
31761056887755
31761056887763
31761056887771
31761056887789
31761056887797
31761056887805
31761056887813
31761056887821
31761056887839
31761056887847
31761056887854
31761056887862
31761056887870
31761056887888
31761056887904
31761056887912
31761056887987
31761056887995
31761056888027
31761056890130
31761056890148
31761056890361
31761056890387
31761075519330
31761075519389
31761075519538
31761075519603
31761075519819
31761095474672
31761095474680
31761095474698
31761095474706
31761095474714
31761095474805
31761095474813
31761095474821
31761112244587
31761112244595
31761112244603
31761112244611
31761114615115
31761114615123
31761114661382
31761114665714
31761114665839
31761114666357
31761114666381
31761114673031
31761114681844
31761114681877
31761114681968
31761114683840
31761114683956
31761114683972
31761114684038
31761114684079
31761114684145
31761114684186
31761114684202
31761114686165
31761114690878
31761114708506
31761114836976
31761114837982
31761115480915
31761115498610
31761115498941
31761115499972
31761115500514
31761115502692
31761115508871
31761115509457
31761115511487
31761115513715
31761115514549
31761115519365
31761115519951
31761115520041
31761115522435
31761115522443
31761115522450
31761115522468
31761115522476
31761115522492
31761115522500
31761115522526
31761115522534
31761115522542
31761115522559
31761115522567
31761115522575
31761115522583
31761115522591
31761115522609
31761115522617
31761115522625
31761115522633
31761115522641
31761115522658
31761115522666
31761115522674
31761115522682
31761115522690
31761115522708
31761115522716
31761115522724
31761115522732
31761115522740
31761115522757
31761115522765
31761115522773
31761115522781
31761115522799
31761115522807
31761115522815
31761115522823
31761115522831
31761115522849
31761115522856
31761115522864
31761115522872
31761115522880
31761115522898
31761115522906
31761115522930
31761115522948
31761115522955
31761115522963
31761115522971
31761115522989
31761115522997
31761115523003
31761115523029
31761115524951
31761115525040
31761115530446
31761115530453
31761115530743
31761115531931
31761115533556
31761115536658
31761115538514
31761115539165
31761115539355
31761115539884
31761115539934
31761115540155
31761115541658
31761115542417
31761115545345
31761115546723
31761115548596
31761115548604
31761115548612
31761115548620
31761115548638
31761115548646
31761115548711
31761115548729
31761115548745
31761115548752
31761115548778
31761115548786
31761115548794
31761115548810
31761115548844
31761115548869
31761115548877
31761115548893
31761115548919
31761115548927
31761115548935
31761115548943
31761115548984
31761115548992
31761115549016
31761115549040
31761115549065
31761115549073
31761115549081
31761115549099
31761115549107
31761115549115
31761115549123
31761115549131
31761115549149
31761115549156
31761115549172
31761115549180
31761115549222
31761115549230
31761115549248
31761115549255
31761115549271
31761115549289
31761115549297
31761115549305
31761115549313
31761115549339
31761115549347
31761115549354
31761115549362
31761115549370
31761115549388
31761115549396
31761115549404
31761115549412
31761115549420
31761115553893
31761115555724
31761115555930
31761115556524
31761115556870
31761115556888
31761115557100
31761115557183
31761115557191
31761115557209
31761115557837
31761115558223
31761115558249
31761115558256
31761115558264
31761115558272
31761115558280
31761115558298
31761115558306
31761115558314
31761115558322
31761115558355
31761115558363
31761115558371
31761115558397
31761115558405
31761115558413
31761115558421
31761115558439
31761115558447
31761115558454
31761115558462
31761115558488
31761115558496
31761115558504
31761115558520
31761115558579
31761115558595
31761115558603
31761115558611
31761115558629
31761115558645
31761115558652
31761115558660
31761115558728
31761115558736
31761115558751
31761115558769
31761115558777
31761115558785
31761115558793
31761115558801
31761115558868
31761115558884
31761115558892
31761115558900
31761115558918
31761115558934
31761115558942
31761115558959
31761115558967
31761115558975
31761115558983
31761115558991
31761115559007
31761115559015
31761115559023
31761115559296
31761115561433
31761115561458
31761115561466
31761115561474
31761115561482
31761115561490
31761115561508
31761115561516
31761115561524
31761115561532
31761115561540
31761115561557
31761115561565
31761115561573
31761115561599
31761115561607
31761115561706
31761115561714
31761115561722
31761115561730
31761115561748
31761115561755
31761115561763
31761115561771
31761115561789
31761115561797
31761115561805
31761115561813
31761115561821
31761115561839
31761115561847
31761115561854
31761115561862
31761115561888
31761115561896
31761115561904
31761115561912
31761115561920
31761115561938
31761115561946
31761115561953
31761115561961
31761115561987
31761115561995
31761115562001
31761115562027
31761115562035
31761115562043
31761115562050
31761115562068
31761115562084
31761115562092
31761115562100
31761115562118
31761115562126
31761115562134
31761115562142
31761115562159
31761115562167
31761115562175
31761115562191
31761115562209
31761115562217
31761115562225
31761115562233
31761115562241
31761115562274
31761115562282
31761115562308
31761115562316
31761115562324
31761115562332
31761115562340
31761115562357
31761115562365
31761115562373
31761115562381
31761115562399
31761115562407
31761115562415
31761115562423
31761115562449
31761115562456
31761115562464
31761115562472
31761115562480
31761115562498
31761115562506
31761115562514
31761115562522
31761115562530
31761115562548
31761115562555
31761115562563
31761115562571
31761115562589
31761115562597
31761115562605
31761115562613
31761115562621
31761115563835
31761115563884
31761115563892
31761115563900
31761115563926
31761115563983
31761115564015
31761115564023
31761115564031
31761115564106
31761115564197
31761115564312
31761115564437
31761115564528
31761115564536
31761115564551
31761115564569
31761115564585
31761115564593
31761115564619
31761115564627
31761115564635
31761115564676
31761115564684
31761115564692
31761115564700
31761115564718
31761115564726
31761115564734
31761115564759
31761115564775
31761115564783
31761115564791
31761115564809
31761115564817
31761115564825
31761115564833
31761115564841
31761115564858
31761115564866
31761115564874
31761115564882
31761115564890
31761115564908
31761115564932
31761115564940
31761115564965
31761115564973
31761115564981
31761115564999
31761115565004
31761115565012
31761115565020
31761115565038
31761115565046
31761115565053
31761115565061
31761115565079
31761115565087
31761115565103
31761115565129
31761115565137
31761115565145
31761115565152
31761115565160
31761115565178
31761115565186
31761115565194
31761115565202
31761115565228
31761115565244
31761115565251
31761115565269
31761115565277
31761115565285
31761115565293
31761115565319
31761115565327
31761115565335
31761115565343
31761115565350
31761115565368
31761115565376
31761115565392
31761115565400
31761115565418
31761115565426
31761115565434
31761115565459
31761115565467
31761115565475
31761115565483
31761115565491
31761115565509
31761115565517
31761115565525
31761115565533
31761115565541
31761115565558
31761115565566
31761115565574
31761115565582
31761115565590
31761115565608
31761115565616
31761115565673
31761115565699
31761115565707
31761115565731
31761115565756
31761115565764
31761115565780
31761115565798
31761115565806
31761115565814
31761115565822
31761115565855
31761115565863
31761115565871
31761115565889
31761115565897
31761115565913
31761115565921
31761115565947
31761115565954
31761115565962
31761115565970
31761115565988
31761115565996
31761115566010
31761115566028
31761115566036
31761115566044
31761115566051
31761115566069
31761115566077
31761115566085
31761115566093
31761115566101
31761115566119
31761115566127
31761115566135
31761115566143
31761115566150
31761115566168
31761115566176
31761115566184
31761115566192
31761115566200
31761115566218
31761115566226
31761115566234
31761115566242
31761115566259
31761115566275
31761115566283
31761115566291
31761115566309
31761115566317
31761115566325
31761115566333
31761115566341
31761115566358
31761115566440
31761115566465
31761115566473
31761115566481
31761115566507
31761115566515
31761115566531
31761115566564
31761115566572
31761115566580
31761115566606
31761115566614
31761115566622
31761115566655
31761115566663
31761115566671
31761115566689
31761115566846
31761115566879
31761115566895
31761115566903
31761115566911
31761115566937
31761115566945
31761115566952
31761115566978
31761115566994
31761115567034
31761115567075
31761115567125
31761115567216
31761115567265
31761115567273
31761115567299
31761115567307
31761115567323
31761115567331
31761115567349
31761115567356
31761115567364
31761115567398
31761115567406
31761115567430
31761115567455
31761115567463
31761115567471
31761115567489
31761115567497
31761115567505
31761115567513
31761115567521
31761115567539
31761115567547
31761115567554
31761115567562
31761115567570
31761115567588
31761115567596
31761115567612
31761115567620
31761115567638
31761115567646
31761115567653
31761115567661
31761115567752
31761115567778
31761115567786
31761115567794
31761115567844
31761115567851
31761115567919
31761115567927
31761115567943
31761115567984
31761115567992
31761115568008
31761115568115
31761115568123
31761115568156
31761115568164
31761115568172
31761115568180
31761115568198
31761115568206
31761115568271
31761115568289
31761115568297
31761115568305
31761115568313
31761115568321
31761115568339
31761115568354
31761115568362
31761115568370
31761115568388
31761115568396
31761115568404
31761115568412
31761115568420
31761115568438
31761115568446
31761115568453
31761115568487
31761115568495
31761115568503
31761115568529
31761115568537
31761115568552
31761115568560
31761115568578
31761115568586
31761115568628
31761115568933
31761115568958
31761115568982
31761115568990
31761115569006
31761115569014
31761115569048
31761115569055
31761115569097
31761115569113
31761115569147
31761115569154
31761115569170
31761115569188
31761115569196
31761115569204
31761115569212
31761115569220
31761115569444
31761115570343
31761115571044
31761115571051
31761115571077
31761115571085
31761115571101
31761115571150
31761115571200
31761115571218
31761115571259
31761115571267
31761115571275
31761115571309
31761115571317
31761115571325
31761115571333
31761115571341
31761115571358
31761115571366
31761115571374
31761115571382
31761115571432
31761115571457
31761115571499
31761115572018
31761115572026
31761115572075
31761115572109
31761115572117
31761115572125
31761115572141
31761115572158
31761115572166
31761115572174
31761115572182
31761115572208
31761115572224
31761115572232
31761115572240
31761115572257
31761115572265
31761115572273
31761115572281
31761115572299
31761115572307
31761115572315
31761115572323
31761115572398
31761115572406
31761115572414
31761115572422
31761115572430
31761115572455
31761115573198
31761115573206
31761115573214
31761115573222
31761115573230
31761115573313
31761115573321
31761115573339
31761115573347
31761115573354
31761115573362
31761115573370
31761115573388
31761115573396
31761115573404
31761115573412
31761115573420
31761115573479
31761115573891
31761115573974
31761115574014
31761115574634
31761115574659
31761115574683
31761115574691
31761115574741
31761115574758
31761115574774
31761115574808
31761115574824
31761115574840
31761115574857
31761115574907
31761115574923
31761115574931
31761115574949
31761115574956
31761115574972
31761115578288
31761115578452
31761115578486
31761115578601
31761115578627
31761115578643
31761116300872
31761116300989
31761116301011
31761116301227
31761116307638
31761116307703
31761116313230
31761116313263
31761116313370
31761116313537
31761116313586
31761116320672
31761116320680
31761116321191
31761116321209
31761116322108
31761116324674
31761116324682
31761116324690
31761116326448
31761116326547
31761116326919
31761116326927
31761116327016
31761116327024
31761116338476
31761116340142
31761116342841
31761116342858
31761116343062
31761116346842
31761116346867
31761116346917
31761116347774
31761116350885
31761116351750
31761116356494
31761116356684
31761116356692
31761116357674
31761116370248
31761116372566
31761116373390
31761116373994
31761116377912
31761116378340
31761116381773
31761116382870
31761116383548
31761116385352
31761116387085
31761116387093
31761116486176
31761116486184
31761116495110
31761116495128
31761116495136
31761116495144
31761116495227
31761116495235
31761116495243
31761116495250
31761116495268
31761116496191
31761116496209
31761116496217
31761116496225
31761116496472
31761116496480
31761116496498
31761116496506
31761116496514
31761116496597
31761116496605
31761116496613
31761116496621
31761116496639
31761116496647
31761116496654
31761116496662
31761116496670
31761116496688
31761116496696
31761116496704
31761116496712
31761116496720
31761116496738
31761116496746
31761116496753
31761116496761
31761116496779
31761116496787
31761116496795
31761116496803
31761116496811
31761116496829
31761116496837
31761116496845
31761116496852
31761116496860
31761116496878
31761116496886
31761116496894
31761116496902
31761116496910
31761116496928
31761116496936
31761116496944
31761116496951
31761116496969
31761116496977
31761116496985
31761116496993
31761116497009
31761116497017
31761116497025
31761116497033
31761116497041
31761116497058
31761116497066
31761116497074
31761116497082
31761116497090
31761116497108
31761116497116
31761116497124
31761116497199
31761116497207
31761116497215
31761116497314
31761116497322
31761116497330
31761116497348
31761116497355
31761116497363
31761116497371
31761116501693
31761116501701
31761116501719
31761116501727
31761116510397
31761116510405
31761116510512
31761116510520
31761116510538
31761116510546
31761116510553
31761116510561
31761116510579
31761116510587
31761116510595
31761116510603
31761116510611
31761116510629
31761116514837
31761116514845
31761116514852
31761116514860
31761116514878
31761116514886
31761116514894
31761116514902
31761116514910
31761116514928
31761116514936
31761116514944
31761116514951
31761116529504
31761116529512
31761116529652
31761116529660
31761116529678
31761116529686
31761116529694
31761116533209
31761116533266
31761116533282
31761116533290
31761116533308
31761116533381
31761116533407
31761116533415
31761116533423
31761116535832
31761116535840
31761116535857
31761116535865
31761116535873
31761116535881
31761116535899
31761116535907
31761116812199
31761116812207
31761116821919
31761116821927
31761116898453
31761116898461
31761116898511
31761116898529
31761116898537
31761116898545
31761116898552
31761116898560
31761116898578
31761116898586
31761117012179
31761117012187
31761117012195
31761117015594
31761117015602
31761117015610
31761117015719
31761117015727
31761117084319
31761117084491
31761117084509
31761117084533
31761117084590
31761117084657
31761117084665
31761117084715
31761117084723
31761117084731
31761117084798
31761117085340
31761117088716
31761117088732
31761117089516
31761117089524
31761117090704
31761117092452
31761117096123
31761117097592
31761117099895
31761117100206
31761117116780
31761117116798
31761117116806
31761117128066
31761117128512
31761117128520
31761117128538
31761117128603
31761117128611
31761117128629
31761117134460
31761117260950
31761117260968
31761117270231
31761117270306
31761117270314
31761117270322
31761117270330
31761117270348
31761117270439
31761117270447
31761117270454
31761117270462
31761117270793
31761117270801
31761117270827
31761117281196
31761117281220
31761117281261
31761117281279
31761117281394
31761117281402
31761117281444
31761117281469
31761117281618
31761117281626
31761117299016
31761117643072
31761117643080
31761117643098
31761117643197
31761117643205
31761117643221
31761117643239
31761117643247
31761117643254
31761117643262
31761117643296
31761117643304
31761117643726
31761117643908
31761117645473
31761117646604
31761117646612
31761117646620
31761117649590
31761117652354
31761117653402
31761117653410
31761117654129
31761117657551
31761117658104
31761117658682
31761117658740
31761117660951
31761117660969
31761117662593
31761117662924
31761117666636
31761117668442
31761117668459
31761117668467
31761117668475
31761117668483
31761117668491
31761117668509
31761117668517
31761117668525
31761117668533
31761117668541
31761117668558
31761117668574
31761117668582
31761117668590
31761117668608
31761117668616
31761117668624
31761117669184
31761117669218
31761117669226
31761117672188
31761117672196
31761117672329
31761117673202
31761117675975
31761117675983
31761117676783
31761117679464
31761117679548
31761118484328
31761118485051
31761118486026
31761118487123
31761118487263
31761118487321
31761118487370
31761118487966
31761118488543
31761118488865
31761118489459
31761118489533
31761118494889
31761118494897
31761118494905
31761118495001
31761118496769
31761118496777
31761118496785
31761118497676
31761118498039
31761118498047
31761118498054
31761118498062
31761118498070
31761118498138
31761118498179
31761118498187
31761118498195
31761118498203
31761118498245
31761118498252
31761118498260
31761118498286
31761118498294
31761118498302
31761118498310
31761118498369
31761118498385
31761118498393
31761118498401
31761118498419
31761118498427
31761118498435
31761118498476
31761118498484
31761118498492
31761118498500
31761118498518
31761118498526
31761118498534
31761118498542
31761118498591
31761118498609
31761118498617
31761118498625
31761118499839
31761118499847
31761118499854
31761118499862
31761118499870
31761118499888
31761118499896
31761118499904
31761118499912
31761118499920
31761118499938
31761118499946
31761118499953
31761118499961
31761118499979
31761118499987
31761118499995
31761118500008
31761118500016
31761118500024
31761118500032
31761118500040
31761118500057
31761118500065
31761118500073
31761118500081
31761118500099
31761118500107
31761118500115
31761118500123
31761118500131
31761118500149
31761118500156
31761118500172
31761118500180
31761118500198
31761118500206
31761118500214
31761118500222
31761118500230
31761118500248
31761118500255
31761118500263
31761118500271
31761118500289
31761118500297
31761118500305
31761118500313
31761118500321
31761118500347
31761118500354
31761118500362
31761118500370
31761118500388
31761118500396
31761118500404
31761118500412
31761118500438
31761118500446
31761118500453
31761118500461
31761118500479
31761118500487
31761118500495
31761118500503
31761118500511
31761118500529
31761118500537
31761118500545
31761118500552
31761118500560
31761118500578
31761118500586
31761118500594
31761118500602
31761118500610
31761118500628
31761118500636
31761118500644
31761118500651
31761118500669
31761118500677
31761118500685
31761118500693
31761118500701
31761118500719
31761118500727
31761118500735
31761118500743
31761118500750
31761118500768
31761118500776
31761118500784
31761118500792
31761118500800
31761118500818
31761118500826
31761118500834
31761118500842
31761118500859
31761118500867
31761118500875
31761118500883
31761118500891
31761118500909
31761118500917
31761118500925
31761118500933
31761118500941
31761118500958
31761118500966
31761118500974
31761118500982
31761118500990
31761118501006
31761118501014
31761118501022
31761118501113
31761118501121
31761118501139
31761118501147
31761118501212
31761118501238
31761118501246
31761118501253
31761118501261
31761118501337
31761118501352
31761118501360
31761118501378
31761118501386
31761118501469
31761118501477
31761118501485
31761118501493
31761118501501
31761118501584
31761118501592
31761118501600
31761118501618
31761118501626
31761118900166
31761118900828
31761118901529
31761118902360
31761118910744
31761118922418
31761118922509
31761118924745
31761118924786
31761118924893
31761118924901
31761118924919
31761118924935
31761118924943
31761118924950
31761118924968
31761118927458
31761118927466
31761118927474
31761118927482
31761118937390
31761118937408
31761118937416
31761118937424
31761118937432
31761118937440
31761118937457
31761118937465
31761118937473
31761118937481
31761118937499
31761118937507
31761118937515
31761118937523
31761118937531
31761118937549
31761118937556
31761118937564
31761118937572
31761118937580
31761118937598
31761118937606
31761118937622
31761118937630
31761118937648
31761118937879
31761118937895
31761118938257
31761118938810
31761118938836
31761118938869
31761118938901
31761118938919
31761118938927
31761118938935
31761118938943
31761118938950
31761118938968
31761118939198
31761118939206
31761118939214
31761118939271
31761118939289
31761118939297
31761118939305
31761118939313
31761118939321
31761118939339
31761118939347
31761118939396
31761118939404
31761118939412
31761118939420
31761118939438
31761118939446
31761118939453
31761118939461
31761118939479
31761118939487
31761118939495
31761118939503
31761118939511
31761118939529
31761118939537
31761118939545
31761118939552
31761118939560
31761118939578
31761118939586
31761118939594
31761118939602
31761118939610
31761118939628
31761118939636
31761118939644
31761118939651
31761118939669
31761118939677
31761118939685
31761118939693
31761118939701
31761118939719
31761118939727
31761118939735
31761118939743
31761118939750
31761118939768
31761118939776
31761118939784
31761118939792
31761118939800
31761118939818
31761118939826
31761118939834
31761118939842
31761118939859
31761118939867
31761118939875
31761118939883
31761118939891
31761118939909
31761118939917
31761118939925
31761118939933
31761118939941
31761118939958
31761118939966
31761118939982
31761118939990
31761118940006
31761118940014
31761118940022
31761118940030
31761118940048
31761118940055
31761118940063
31761118940071
31761118940089
31761118940097
31761118940105
31761118940113
31761118940121
31761118940139
31761118940147
31761118940154
31761118940162
31761118940170
31761118940188
31761118940196
31761118940204
31761118940212
31761118940220
31761118940238
31761118940246
31761118940253
31761118940261
31761118940279
31761118940287
31761118940295
31761118940303
31761118940311
31761118940329
31761118940337
31761118940345
31761118940352
31761118940360
31761118940378
31761118941368
31761118943950
31761118943968
31761118943976
31761118943984
31761118944081
31761118944099
31761118944107
31761118944115
31761118944123
31761118944131
31761118944149
31761118944156
31761118944172
31761118944180
31761118944255
31761118944263
31761118944271
31761118944289
31761118944297
31761118944305
31761118944313
31761118944321
31761118944339
31761118944347
31761118944354
31761118944362
31761118944370
31761118944388
31761118944396
31761118944404
31761118944412
31761118944420
31761118945252
31761118945260
31761118945971
31761118950609
31761118953926
31761118953934
31761118953959
31761119691582
31761119694446
31761119694701
31761119695559
31761119695740
31761119695831
31761119698918
31761119699189
31761119699197
31761119702165
31761119702363
31761119702934
31761119702942
31761119702959
31761119702967
31761119702975
31761119702983
31761119702991
31761119703007
31761119703015
31761119703312
31761119705853
31761119706364
31761119706372
31761119706380
31761119706398
31761119706406
31761119707032
31761119708279
31761119708295
31761119708410
31761119708741
31761119708774
31761119708964
31761119709194
31761119709202
31761119709210
31761119709228
31761119709236
31761119709244
31761119709251
31761119709269
31761119709277
31761119709319
31761119709327
31761119709335
31761119709343
31761119709350
31761119709368
31761119709376
31761119709384
31761119709392
31761119709517
31761119710333
31761119710937
31761119711075
31761119711083
31761119711216
31761119711224
31761119714830
31761119714848
31761119714855
31761119714863
31761119714871
31761119714889
31761119714897
31761119714905
31761119714913
31761119714970
31761119714988
31761119714996
31761119715001
31761119715027
31761119715035
31761119715043
31761119715050
31761119715068
31761119715076
31761119715092
31761119715100
31761119715134
31761119715142
31761119715167
31761119715175
31761119715183
31761119715241
31761119715258
31761119715266
31761119715365
31761119715381
31761119715399
31761119715407
31761119715415
31761119715423
31761119715670
31761119715688
31761119715696
31761119716637
31761119716645
31761119716652
31761119716751
31761119716769
31761119716777
31761119716868
31761119716876
31761119716884
31761119716892
31761119716900
31761119716918
31761119716934
31761119716942
31761119716959
31761119716967
31761119716975
31761119716983
31761119716991
31761119717007
31761119717015
31761119717023
31761119717031
31761119717049
31761119717056
31761119717064
31761119717114
31761119717122
31761119717130
31761119717148
31761119717239
31761119717247
31761119717619
31761119717759
31761119720282
31761119720290
31761119720308
31761119720316
31761119720324
31761119720332
31761119720340
31761119720357
31761119720365
31761119720373
31761119720381
31761119720399
31761119720407
31761119720415
31761119720423
31761119720431
31761119720449
31761119720456
31761119721637
31761119721645
31761119722395
31761119722494
31761119722684
31761119723047
31761119724052
31761119724276
31761119725018
31761119725166
31761119727725
31761119729705
31761119729853
31761119731032
31761119731040
31761119731057
31761119731065
31761119731073
31761119731156
31761119731164
31761119731339
31761119734416
31761119734424
31761119734887
31761119735306
31761119735702
31761119735983
31761119736122
31761119736460
31761119736478
31761119736486
31761119736494
31761120009584
31761120009709
31761120009725
31761120009733
31761120009741
31761120009758
31761120009766
31761120009774
31761120009782
31761120009790
31761120009808
31761120009816
31761120009824
31761120596903
31761120597505
31761120597547
31761120597554
31761120597588
31761120598818
31761120599006
31761120599014
31761120608567
31761120608617
31761120608625
31761120608633
31761120608815
31761120609029
31761120609037
31761120609045
31761120609052
31761120609375
31761120610290
31761120610431
31761120610480
31761120610498
31761120610506
31761120610522
31761120610746
31761120611637
31761120611819
31761120614698
31761120614987
31761120618236
31761120618319
31761120621446
31761120623269
31761120623608
31761120623863
31761120624911
31761120624929
31761120625512
31761120626213
31761120626460
31761120631924
31761120646047
32022172913614
32022176133136
32022213352244
32022213352301
32022213352368
32022213352376
32022213352426
32022213352434
32022213352558
32022213355924
32022213356237
32022213356278
32022213356302
32022213356328
32022213356336
32022213356369
32022213356377
32022213356393
32022213356427
32022213356435
32022213356443
32022213356450
32022213356484
32022213356492
32022213356500
32022213360593
32022213360668
32022213364207
32022213364215
32022213364264
32022213364272
32022213364298
32022213364330
32022213364371
32022213364389
32022213364397
32022213364421
32022213364447
32022213364454
32022613364256
34444001323096
39011203030095
39011203060068
39011612010134
39020914050177
39020915040110
39031618140172
39031618140180
39031618140198
39031713100089
39040218110147
39040218110154
39040218110162
39040218110170
39040219110195
39040222040140
39040222040157
39040319010030
39040319020161
39040319020179
39040319110194
39040422100199
39040423030148
39040812040112
39041117070184
39041314110072
39051510050147
39051603120088
39062911010077
39090818020055
39090818020063
39090818020170
39090818020188
39090818120053
39091118030083
39091118030091
39091118030109
39091123020012
39091310130152
39092109070138
39092409090034
39092409090067
39092509010049
39092509020154
39092809010095
39100109100241
39102516100111
39112721070207
39130716080221
39131318020136
39131318120092
39131318120118
39131318120126
39140120010136
39142108020194
39151509060204
39152216040034
39160809090316
39162209070138
39170822010035
39171007020088
39171007050077
39171007050085
39171007050093
39171007050101
39171007050119
39171007050127
39171309030025
39192103010096
39192403100076
39192403100167
39200203040051
39200203100038
39200217120055
39200403080220
39200609010112
39200609010120
39200609010138
39200609010146
39200609010179
39200609010187
39200609100046
39200609100053
39200609100061
39200902160010
39200904050086
39201116080010
39201116080085
39201409040143
39201703020163
39202503090018
39210114010184
39212122120047
39221624020035
39242309100223
39250412070191
39260613060073
39260713100092
39261112010114
39261212070018
39261312020103
39261909030184
39262009010043
39262009010050
39262009010068
39262009010076
39262009010142
39262009010159
39262009010167
39262009010217
39262009090011
39262009090078
39262009090086
39262009090094
39262009090102
39262009090110
39262609020111
39262609020129
39262609020137
39262609020145
39262609020152
39262609040028
39262609040101
39262609040119
39262609080081
39262609080099
39262609080107
39262609080115
39262609080131
39262609080149
39262609080156
39270216030324
39271213050034
39271708070091
39271708070109
39271807050036
39271807050044
39271807050051
39271815090131
39281625140117
39282716050165
39290209030222
39290417040013
39291103070025
39291103070033
39291103070041
39291103070058
39291103070074
39291103090197
39291103090205
39291103090213
39292804030094
39300712080125
39301108060010
39301108060028
4thannualinjuryi00inju
8853.ome
8876.ome
8944.ome
AIRPOLLUTIONANDH00SNSN13726.ome
AMBIENTAIRQUALIT00CHAP04745.ome
AMBIENTAIRQUALIT00SNSN19418.ome
ASURVEYFORBATHIN00HEND09512.ome
BACTERIALSTUDYOF00IRWI20233.ome
ENVIRONMENTALHEA00SNSN20013.ome
EVALUATIONOFDATA00SNSN07434.ome
HEALTHIMPLICATIO00SNSN07566.ome
HEALTHIMPLICATIO00SNSN07567.ome
HEALTHSIGNIFICAN00DUNC04602.ome
HYDROGEOLOGICASS00SNSN15947.ome
NOISEEFFECTSHAND00SNSN08091.ome
PHYTOTOXICOLOGYS00KINC08006.ome
PHYTOTOXICOLOGYS00KINC08010.ome
RELATIONSHIPBETW00ADAM08120.ome
RURALPCBANDPESTI00SNSN09221.ome
THEEFFECTSOFENVI00BERR10598.ome
TREATMENTOFHOSPI00VAJD09447.ome
VOLATILIZATIONRA00SNSN19425.ome
ableg_33398001249316
ableg_33398001284313
ableg_33398001302735
ableg_33398001314128
ableg_33398001314276
ableg_33398001324226
ableg_33398001350775
ableg_33398001363075
ableg_33398001364982
ableg_33398001366144
ableg_33398001366177
ableg_33398001366524
ableg_33398001368793
ableg_33398001414274
ableg_33398001414282
ableg_33398001414308
ableg_33398001414316
ableg_33398001414324
ableg_33398001459477
ableg_33398002060324
ableg_33398002304375
ableg_33398002778347
ableg_33398003062410
ableg_33398003065025
ableg_33398003077178
ableg_33398003115549
ableg_33398003117826
ableg_33398003117834
ableg_33398003117842
ableg_33398003117867
ableg_33398003117933
ableg_33398003120077
ableg_33398003121703
ableg_33398003650552
ableg_33398003775276_0
ableg_33398003775391
ableg_33398003978102
ableg_33398003988077
ableg_33398003988135
ableg_33398003988283
ableg_33398004002209
ableg_33398004061973
ableg_33398004062039
ableg_33398004077540
ableg_33398004131271
ableg_33398004131289
ableg_33398004131420
ableg_33398004131446
ableg_33398004131461
ableg_33398004131487
ableg_33398004131503
ableg_33398004131552
ableg_33398004131578
ableg_33398004131594
ableg_33398004131610
ableg_33398004131636
ableg_33398004131677
ableg_33398004132998
ableg_33398004133004
ableg_33398004133012
ableg_33398004133020
ableg_33398004133046
ableg_33398004133053
ableg_33398004133087
ableg_33398004133095
ableg_33398004133129
ableg_33398004133137
ableg_33398004133160
ableg_33398004133178
ableg_33398004133202
ableg_33398004133210
ableg_33398004133244
ableg_33398004133269
ableg_33398004187729
ableg_33398004187760
ableg_33398004212949
ableg_33398004212956
ableg_33398004212964
ableg_33398004212972
ableg_33398004212980
ableg_33398004212998
ableg_33398004213004
ableg_33398004213012
ableg_33398004213020
ableg_33398004213038
ableg_33398004213046
ableg_33398004213228
ableg_33398004213236
ableg_33398004213293
ableg_33398004250345
ableg_33398004250352
ableg_33398004373493_0
ableg_33398004373501_0
ableg_33398004373519
ableg_33398004409248
ableg_33398004409263
ableg_33398004409289
ableg_33398004557715
ableg_33398004611728
ableg_33398004614243
ableg_33398004633359_01
ableg_33398004633359_02
ableg_33398004653886
ableg_33398004653944
ableg_33398004676226
ableg_33398004677869
ableg_33398004678263
ableg_33398004678438
ableg_33398004679394
ableg_33398004679402
ableg_33398004679410
ableg_33398004679428
ableg_33398004679436
ableg_33398004679444
ableg_33398004699913
ableg_33398004700489
ableg_33398004754460
ableg_33398004762950
ableg_33398004781505
ableg_33398004830161
ableg_33398004861232
ableg_33398004861240
ableg_33398004861299
ableg_33398004861307
ableg_33398004861356
ableg_33398004861364
ableg_33398004861414
ableg_33398004861422
ableg_33398004861471
ableg_33398004861489
ableg_33398004861539
ableg_33398004861547
ableg_33398004861596
ableg_33398004861604
ableg_33398004861711
ableg_33398004861778
ableg_33398004861836
ableg_33398004861885
ableg_33398004861893
ableg_33398006073620
accreditationpro00unse
achievingaccount00albe
achievingexcelle00albe_0
activityzonecomm00plet
adultdayprograms00kerr
advancedirective00guob_0
advancingprimary00adva
advancingprimary00albe
advancingprimary00howa
advancingprimary01umbr
advancingprimary02umbr
advancingprimary03umbr
advancingprimary04umbr
advancingprimary05umbr
advancingprimary06umbr
advicetoministry00hami
agendaforactionr00albe
agendaofnovember00unse
ahhsalbertaheart00albe
aidsprimerforhel00albe_0
albertabloodborn2008albe
albertacancerreg1988albe
albertacancerreg1993albe
albertacancerreg1994albe
albertacancerreg1995albe
albertacancerreg2000albe
albertacancerreg2001albe
albertacancerreg2002albe
albertacancerreg2003albe
albertacancerreg2004albe
albertacancerreg2005albe
albertacasecostr2005albe
albertacasecostr2006albe
albertacommissio00wals
albertacoordinat00albe_0
albertacoordinat1990albe
albertadiabetess00albe
albertafarmequip00albe
albertaforesthea00albe_0
albertahealthcar1994albe
albertahealthcar1996albe
albertahealthpro1990albe
albertahealthpro1991albe
albertahealthpro1993albe
albertahipkneejo00albe_0
albertaimmunizat00albe
albertaimmunizat00albe_0
albertamentalhea00albe
albertamentalhea00albe_0
albertanutrition00albe_1
albertanutrition00albe_2
albertaoilsandsc00albe
albertaoilsandsc00gabo_0
albertapatientcl00semr
albertaprofileso00jame_0
albertaprofileso00slav_0
albertaprofileso2003albe
albertaprofileso2006albe
albertareproduc1999albe_0
albertareproduct1997albe
albertareproduct1999albe
albertareproduct2001albe
albertareproduct2007albe
albertaresidentc00albe
albertaseconomic00gove
albertasfamilies00hsph_0
albertashealthin00albe_0
albertashealthya00albe
albertasreporton2002albe
albertasstateofe00albe
albertatobaccore00albe_0
albertaworksempl00albe_0
alboccuplheasafe1991_92
alboccuplheasafe1993
alcoholdrugsinal00slav
ambient1airqualit00chap
ambient3airqualit00onta
ambulanceservice00nort
analysisofhealth00ohea
analysisofwcbcla00mack
annualreport00hami
annualreport00hami_0
annualreport00hami_1
annualreport1987albe_3
annualreport1988albe_3
annualreport1989albe_5
annualreport1990albe_3
annualreport1990albe_5
annualreport1991albe_4
annualreport1991albe_7
annualreport1992albe_8
annualreport1993albe_5
annualreport1994albe_6
annualreport1995albe_10
annualreport1996albe_11
annualreport1997albe_8
annualreport1998albe_12
annualreport1999albe_11
annualreport1999albe_5
annualreport2000albe_11
annualreport2000albe_4
annualreport2001albe_13
annualreport2001albe_6
annualreport2002albe_5
annualreport2002albe_9
annualreport2003albe_10
annualreport2003albe_3
annualreport2004albe_6
annualreport2005albe_14
annualreport2005albe_3
annualreport2006albe_0
annualreport2006albe_6
annualreport2006albe_9
annualreport2007albe_1
annualreport2007albe_5
annualreport2008albe_0
annualreport2008albe_3
annualreport2009albe_2
annualreport2009albe_5
annualreport2010albe_2
annualreportalbe00albe
annualreportalbe00albe_0
annualreportalbe00albe_1
annualreportalbe00albe_2
annualreportalbe1978albe
annualreportalbe1979albe
annualreportalbe1980albe
annualreportalbe1981albe
annualreportalbe1983albe
annualreportalbe1985albe
annualreportalbe1986albe
annualreportalbe1987albe
annualreportfore00albe
annualreportfore00albe_0
annualreportfore00albe_1
annualreportfore00albe_2
annualreportfore00albe_3
annualreporthami00unse
annualreporthami00unse_0
annualreporthami00unse_1
annualreporthami00unse_2
annualreporthealth1990_91
annualreportofal00albe
annualreportofal00albe_0
annualreportofal00albe_1
annualreportofal00albe_10
annualreportofal00albe_2
annualreportofal00albe_3
annualreportofal00albe_5
annualreportofal00albe_6
annualreportofal00albe_7
annualreportofal00albe_8
annualreportofal00albe_9
annualreportofco00unse_44
annualreportofdi1925albe
annualreportofdi1936albe
annualreportofdi1937albe
annualreportofdi1941albe
annualreportofdi1946albe
annualreportofdi1947albe
annualreportofdi1948albe
annualreportofdi1949albe
annualreportofdi1951albe
annualreportofdi1953albe
annualreportofdi1954albe
annualreportofdi1960albe
annualreportofha00hami
annualreportofha00unse_0
annualreportofha00unse_1
annualreportofha00unse_2
annualreportonac2005albe
annualreportregi00unse
annualreportregi00unse_0
annualreportsofh00unse
anrpsohygsev1979
anrpsohygsev1980
anthraxhiggins
aphidtransmitted19913chan
app1to24windsorair00szakuoft
appealmechanisms1996prov
apple21albe
apple22albe
apple23albe
apple24albe
apple25albe
applicationofass00bulg_0
arecciethicsdeci00albe_0
asbestosinbuildi00unse
assessingcommuni00albe
assessmentofhuma00torouoft
assessmentofpote00ontauoft
assessmentoftele00ohin
assessmentplacem00albe
assessmentplacem00unse
assessmentplacem00unse_0
assessmentplacem00unse_1
assessmentplacem00unse_2
assessmentplacem00unse_3
assessmentplacem00unse_4
assessmentplacem00unse_5
aujeszkysdisease00cana
aviantuberculo
awarenessofchron00albe
b249483
b249599
b362703
backinjurypreven00albe
backinjurypreven00evan
backinjurypreven1617back
basicaccidentcon00albe
bestpracticeguid00albe_1
bestpracticeguid00albe_2
betterdentalheal00onta
betterwayplanfor00albe
biologicalmonito00chan
biomedicalwastem00ontauoft
bipolardisorderw00albe
birthdeathstatistics1984
birthdeathstatistics1985
birthdeathstatistics1986
birthdeathstatistics1987
birthdeathstatistics1988
birthdeathstatistics1989
birthdeathstatistics1990
blueberriesleave10846cana
boi009
boi083
boi090
boi133
boi166
boi166A
boi166B
boi183
boi206
boi207
boi236
boi239
boi260
boi87_008_I
boi88_008_I
boi89_009
boi89_012
boi92_004
boi93_024_I
boi93_026_I
boi93_041_I
boi94_018
boi95_012
boi95_032
bonnyvilleclimbi00plet
bouncebackbookbi00albe
bouncebackbookbu00albe
bovineinfectious00mitc
bovineinfectious150mitc
brachytherapyfor00will
breakingpatternh00albe_0
briefingnotesona00onta
brucellosisvacci00cana
buildingbetterbr00zwoz
buildingcapacity00naid_0
buildingcapacity2005albe
buildingcommunit00albe_0
buildingeffectiv00albe_0
canadasfunctiona10393cana
canadianaddictio00malc_0
cancerworkplaceo00faye_0
cantoxenvironmen00ontauoft
capitalplanningm00unse
caresanfeedfox
caringcommitment00prem
casemanagementre00thom
changesinfarmfam815macn
chickenpox00albe
childrenwithspec00unse_0
childwelfareinal00albe_0
childwelfareinpr00albe
cleanwatersclear00metruoft
clearingaircreat00albe
climatewarmingex00lill_0
club4explorenutr00albe_0
collectivebargai00swin
colorectalcancer00albe_0
commentariesonha00fras
commentsonconclu00unse
commitmenttoacti2829conf
committingtoacti00roun
communityhealthc00bare
companiondocumen00ottauoft
comparisonofalbe00jiny
compendiumofplan00ginn
competencyanalys00albe
construction97su00albe
contagiousdiseas00albe_1
contagiousdiseas00albe_2
continuingcare01albe
continuingcare02albe
continuingcarehe00albe
continuingcarehe00mlat_0
controllinghealt00evan
courseofstudyfor00onta
coursesofstudygr00onta_68
coursesofstudygr00onta_69
coursesofstudygr00onta_70
coursesofstudygr00onta_71
coursesofstudygr00onta_72
coursesofstudygr00onta_73
coursesofstudygr00onta_74
coursesofstudygr00onta_75
coursesofstudygr00onta_76
coursesofstudygr00onta_77
criticalincident00vang_0
curriculumi291966onta
curriculumi291967onta
curriculumi51952onta
daycarepersonnel00albe_0
decisionmakingfo00almo_0
decisionsaboutto00albe
decisionsonstatu00hail_0
delorovillageenv01ontauoft
delorovillageenv04ontauoft
delorovillageenv05ontauoft
delorovillageenv3794ontauoft
departmentalexam01albe_1
departmentalexam02albe_1
departmentalexam03albe_1
departmentalexam04albe_0
departmentalexam05albe_0
departmentalexam06albe_0
departmentofsoci00albe
depressionwhatis00albe
determinantsofhe00unse
diptrespiqueursd00wood
disabledpopulati00albe_0
discussionpapern07unse
discussionpapern11unse
downholeotheroil1993albe
drillingofoilgas1993albe
ducationphysique00onta_4
ducationphysique1976onta
ducationphysique1978onta
dynamicposturogr00hars
eatingaroundcloc00unse
educationaboutai00onta
educationcaringa00albe
educationphysiqu00onta_0
effectsofacidfor00inte
employeefitness1988
employerhealthta00onta
employerhealthta00onta_0
employerhealthta00onta_1
employersguideto00albe_0
empsklsguide1984
energyfromwastep00chap
enseignerauxlves00albe_1
enthepbhbiolab
enthepblheatur
environmentalhea00onta
environmentallib00ontauoft
estimatedcostofh00onta
estimatinginfect00albe
evaluationofadul00kerr
evaluationofalbe00albe_0
evaluationofflas00crow
evaluationofserv00hutt_0
evaluationoftele00doze
evaporatapples
expandingcirclec00fews
expendituresofhe00onta
exploringcirclej00arms_0
extendingcanadia00will
familydayhomepro00albe
familyrelationsp00albe
familystudiesint00onta
familysupportfor00albe_0
farmingoccupatio00rick
favoriserdessolu00cana
federallaborator00cana
feedingbabysolid00albe_0
fieldmeasurement01albe_0
fieldmeasurement02albe_0
fieldmeasurement03albe_0
fieldmeasurement04albe_0
fievreaphteuse
filmcatalogue00albe
finalreportoffea00unse
finalreportoffea01unse
finalreportofleg00albe
finalreportoflon00unse
finalreportofpal00unse
finalreporttomin00albe_1
firesafetyinalbe1987albe
firespreadthroug00kari
firstnationsinal00card
fiveyearsofhivai00king
fivreaphteusegar00cana
focusonforesthea00albe
footmouthdisea
footmouthdisease00came
footmouthdisease00cana
footmouthdisease131came
foresthealthvide00albe
forestry97relate1998albe
fortsaskatchewan2003albe
foxranchingincan12alle
frameworkforfren00hami
frameworkforheal00albe
frameworkforrefo01albe
frameworkforrefo02albe
furtcontbiolhy00agri
futuredirections00albe_0
futurehealthcare00nort_0
futurescenariosc00albe
gascon2modeltoes00alpe_0
gettingintogeark01kids_0
gettingintogeark02kids_0
gettingonwithbet00albe_0
gettingresultspr00gree_0
goingfurtherbuil00hutt
goitreitsinciden00cana
governmentofalbe00albe_1
greenfactssmogyo00ontauoft
grip2007albe
grip2007albe_0
grip2008albe
grip2008albe_0
growingintomatur00onta
guidelinesforres00onta
guidetohealthaut00albe_0
guidetoprimaryhe00frer
guidetoservicesf00albe_1
guidetoservicesf00albe_3
hamiltondistrict00unse
hamiltonsplanfor00unse
hamiltonwentwort00hami_1
hamiltonwentwort00unse
hamiltonwentwort00unse_0
hamiltonwentwort00unse_13
hamiltonwentwort00unse_14
hamiltonwentwort00unse_19
headhearthealthh00much
headinjurymemory01albe_0
headinjurymemory02albe_0
headlice00albe
health00onta
health9lessons1100albe
healthauthoritie00albe_0
healthauthorityb1998albe
healthauthorityb1999albe
healthauthorityb2000albe
healthauthorityb2001albe
healthauthorityb2002albe
healthauthorityb2199albe
healthbenefitdes00albe_0
healthcarecostsf00schw
healthcareguidet00albe
healthcareproduc00cana_0
healthcostingina1999albe
healthcostingina2000albe
healthcostingina2001albe
healthcostingina2002albe
healthcostingina2003albe
healthcostingina2006albe
healthdiscipline00albe_0
healtheffectsass00albe
healtheffectsofh00roth
healthfamilies00lieu_0
healthgoalsforal00albe
healthhandbookof00onta
healthhealthsyst00albe
healthindexforon00onta
healthinformatio2001albe
healthissuesrepo00hami
healthissuesrepo00unse
healthissuesrepo00unse_0
healthofanimals00otta
healthofourairto00janz
healthofoursoils00greg
healthofourwater00otta
healthpolicyfram00albe_0
healthpromotionp00albe
healthprotcana
healthriskassess00flemuoft
healthsafetyguid00onta
healthsafetyhand00onta
healthsafetyonjo00albe_1
healthsafetyonjo00albe_2
healthsafetyonjo00albe_3
healthsafetyrefe02unse
healthsafetytool00cana_0
healthsocialser1990albe_0
healthsocialser1991albe_0
healthsocialserv00onta
healthsocialserv1990albe
healthsocialserv1991albe
healthsocialserv1992albe
healthstatusfact00unse
healthsummit99th00heal
healthsummit99th00heal_0
healthsurveyofre00onta
healthtechnology06unse
healthtechnology08unse
healthtechnologydenn
healthvisionturn11albe
healthvisionturn12albe
healthvisionturn13albe
healthwaterquali00unse
healthyagingnewd00blai
healthyagingnewd01albe
healthyagingnewd02albe
healthyagingnewd03albe
healthylifestyle2002shor
healthyplanethea00publ
hearthealthinwor00seft
hearthealthstrat00albe
helpingbehaviour00gera
hepatitisinfecti00albe
heresyourcomplet00albe
highschoolcadetc00onta
hivaidseducation01dohe
hivaidseducation02dohe
hivaidseducation03dohe
hivaidseducation04dohe
hivaidseducation1991dohe
hivaidsinitiativ00barr
hivaidsissuesin1993albe_0
hivaidsissuesina1992albe
hivaidsissuesina1993albe
hivaidsissuesina1994albe
hivaidsissuesina1995albe
hivaidsissuesina1996albe
hivaidsissuesina1998albe
hivaidspreventio00rpmp
hivantibodytesti00albe
hivhepatitiscstd2000nort
hivhepatitiscstd2002nort
hivriskbehaviour00jame
hogcholeratorr
homecare1cmh106000albe
homecare1cmh1060albe
homecare1cmh1060albe_0
homecareinalbert00albe
horizonscanningf00hail_0
horsehealth00davi
horsemanagementh00albe
hospitalcareinal3119albe
hospitalprospect00miln
hospitalwasteaud00ottauoft
hyperbaricoxygen00mitt
impetigo00albe
inbriefmultimedi00ontauoft
incineratordesig02ontauoft
incomeclasshospi00bare
incomedistributi00mang
indoorairquality00albe_0
industryprofile2008albe_6
infoforfarmers
informationsyste00omal_0
injuriesillnesse00unse
insectsaffecting00gibs
interimreportpre00akan
intermediatedivi00onta_1
internationalstu00inte
intestparapoul
intmentallycomm00onta
inventoryofsocia00metr
inventorysocial00toro
jobenhancementad00albe
jobseekershandbo00albe_4
johnesdiseaseofc167hilt
jointworksitehea00albe
jointworksitehea00albe_1
knowledgebrokers2004know
lafivreaphteuse00came
lafivreaphteuse131came
learningtogether00park
leducationetlesi00onta
lemouvement00onta
lindustriedesali10393cana
listeningtoalber00albe_1
listeningtoalber00albe_2
literaturereview00mchu_0
longtermcareacco00mlat_0
longtermcareacco00mlat_1
longtermmonitori00will_0
longtermtrendsin00will_0
losttimeclaimscl1990albe
losttimeclaimscl1991albe
losttimeclaimscl1992albe
losttimeclaimscl1993albe
losttimeclaimscl1996albe
losttimeclaimscl1997albe
losttimeclaimscl1998albe
losttimeclaimscl1999albe
losttimeclaimscl2001albe
losttimeclaimscl2002albe
losttimeclaimscl2003albe
losttimeclaimscl2004albe
losttimeclaimscl2005albe
losttimeinjuries00albe
lowertrentriver00snsn21393
mag_00000121
mag_00003386
mag_00005045
mag_00067115
makingfoodhealth2008albe
maladiedenewcast00cana
manualofhygienef00onta
measlesred00albe
measuringhealthl00culy
medicaldentalins00onta_1
mentalhealthecon00albe
mentalhealthelde00scho
mentalhealthinal00wrnb
mentalhealthinno00nort_1
mentalhealthinno00nort_2
mentalhealthprac00psyc
mentalhealthrese1988albe
mentalhealthserv00albe_0
micro_IA04243301_1611
micro_IA04243301_1646
micro_IA04243301_1657
micro_IA04243301_1739
micro_IA04243301_1768
micro_IA04243301_1821
micro_IA04243301_1823
micro_IA04243301_1848
micro_IA04243301_1849
micro_IA04243301_1932
micro_IA04243301_1954
micro_IA04243301_1969
micro_IA04243301_2002
micro_IA04243301_2003
micro_IA04243301_2049
micro_IA04243301_2053
micro_IA04243301_2063
micro_IA04243301_2072
micro_IA04243301_2093
micro_IA04243301_2094
micro_IA24043301_3597
micro_IA40243301_0001
micro_IA40243301_0015
micro_IA40243301_0125
micro_IA40243301_0127
micro_IA40243301_0128
micro_IA40243301_0134
micro_IA40243301_0135
micro_IA40243301_0157
micro_IA40243301_0158
micro_IA40243301_0169
micro_IA40243301_0219
micro_IA40243301_0220
micro_IA40243301_0221
micro_IA40243301_0222
micro_IA40243301_0223
micro_IA40243301_0224
micro_IA40243301_0225
micro_IA40243301_0226
micro_IA40243301_0227
micro_IA40243301_0253
micro_IA40243301_0316
micro_IA40243301_0344
micro_IA40243301_0349
micro_IA40243301_0363
micro_IA40243301_0376
micro_IA40243301_0385
micro_IA40243301_0397
micro_IA40243301_0418
micro_IA40243301_0469
micro_IA40243301_0487
micro_IA40243301_0503
micro_IA40243301_0579
micro_IA40243301_0588
micro_IA40243301_0594
micro_IA40243301_0613
micro_IA40243301_0657
micro_IA40243301_0671
micro_IA40243301_0675
micro_IA40243301_0705
micro_IA40243301_0740
micro_IA40243301_0741
micro_IA40243301_0761
micro_IA40243301_0804
micro_IA40243301_0823
micro_IA40243301_0868
micro_IA40243301_0869
micro_IA40243301_0872
micro_IA40243301_0876
micro_IA40243301_0879
micro_IA40243301_0892
micro_IA40243301_0897
micro_IA40243301_0937
micro_IA40243301_0958
micro_IA40243301_0996
micro_IA40243301_1013
micro_IA40243301_1052
micro_IA40243301_1053
micro_IA40243301_1128
micro_IA40243301_1199
micro_IA40243301_1281
micro_IA40243301_1283
micro_IA40243301_1285
micro_IA40243301_1286
micro_IA40243301_1288
micro_IA40243301_1306
micro_IA40243301_1414
micro_IA40243301_1417
micro_IA40243301_1421
micro_IA40243301_1430
micro_IA40243301_1452
micro_IA40243301_1544
micro_IA40243301_2107
micro_IA40243301_2131
micro_IA40243301_2134
micro_IA40243301_2135
micro_IA40243301_2145
micro_IA40243301_2230
micro_IA40243301_2342
micro_IA40243301_2373
micro_IA40243301_2405
micro_IA40243301_2406
micro_IA40243301_2451
micro_IA40243301_2510
micro_IA40243301_2511
micro_IA40243301_2517
micro_IA40243301_2531
micro_IA40243301_2587
micro_IA40243301_2600
micro_IA40243301_2603
micro_IA40243301_2632
micro_IA40243301_2648
micro_IA40243301_2649
micro_IA40243301_2654
micro_IA40243301_2655
micro_IA40243301_2680
micro_IA40243301_2683
micro_IA40243301_2685
micro_IA40243301_2714
micro_IA40243301_2721
micro_IA40243301_2731
micro_IA40243301_2732
micro_IA40243301_2733
micro_IA40243301_2734
micro_IA40243301_2735
micro_IA40243301_2736
micro_IA40243301_2737
micro_IA40243301_2738
micro_IA40243301_2739
micro_IA40243301_2740
micro_IA40243301_2741
micro_IA40243301_2742
micro_IA40243301_2743
micro_IA40243301_2744
micro_IA40243301_2745
micro_IA40243301_2746
micro_IA40243301_2747
micro_IA40243301_2748
micro_IA40243301_2765
micro_IA40243301_2768
micro_IA40243301_2817
micro_IA40243301_2909
micro_IA40243301_2932
micro_IA40243301_2964
micro_IA40243301_2993
micro_IA40243301_3003
micro_IA40243301_3004
micro_IA40243301_3030
micro_IA40243301_3116
micro_IA40243301_3117
micro_IA40243301_3139
micro_IA40243301_3140
micro_IA40243301_3141
micro_IA40243301_3171
micro_IA40243301_3224
micro_IA40243301_3272
micro_IA40243301_3451
micro_IA40243301_3453
micro_IA40243301_3523
micro_IA40243301_3536
micro_IA40243301_3555
micro_IA40243301_3556
micro_IA40243301_3562
micro_IA40243301_3575
midwiferyinalber00albe
mindfulaging00albe_0
ministryactionp00snsn21363
modelsforacciden00harv
mothersallowance00cana
mothersallowance00cana_0
movement00onta
movingintofuture00albe
multidisciplinar00albe
multidisciplinaralbe
mumps00albe
necessityforunif00cana
newbornmetabolic00albe_0
newcomersguideto00albe_3
newcomersguideto00albe_7
newcomersguideto00albe_8
newdimensionsine00albe
newvisionforlong00miro_0
nolongervoiceind00ment
northyorkbranson00onta
nursinginactioni1991albe
nursingskillmixh2001hail
occupationaldise00yass
occupationalhea011onta
occupationalhea012onta
occupationalhea013onta
occupationalhea014onta
occupationalhea021onta
occupationalhea022onta
occupationalhea023onta
occupationalhea024onta
occupationalhea031onta
occupationalhea032onta
occupationalhea033onta
occupationalhea034onta
occupationalhea041onta
occupationalhea042onta
occupationalhea043onta
occupationalhea044onta
occupationalhea051onta
occupationalhea052onta
occupationalhea053onta
occupationalhea054onta
occupationalhea061onta
occupationalhea062onta
occupationalhea063onta
occupationalhea064onta
occupationalhea071onta
occupationalhea072onta
occupationalhea073onta
occupationalhea074onta
occupationalhea081onta
occupationalhea082onta
occupationalhea083onta
occupationalhea084onta
occupationalhea091onta
occupationalhea092onta
occupationalhea093onta
occupationalhea094onta
occupationalhea101onta
occupationalhea102onta
occupationalhea103onta
occupationalhea104onta
occupationalhea111onta
occupationalhea112onta
occupationalhea121onta
occupationalhea122onta
occupationalhea131onta
occupationalhea198687
occupationalhea198788
occupationalhea198990
occupationalheal00albe
occupationalheal00albe_0
occupationalheal00inte
occupationalheal00unse
occupationalheal00work
occupationalheal01albe
occupationalheal01albe_1
occupationalheal01sage
occupationalheal01sage_0
occupationalheal02albe
occupationalheal02albe_1
occupationalheal03albe
occupationalheal03albe_1
occupationalinj000albe_10
occupationalinj000albe_11
occupationalinj000albe_12
occupationalinj000albe_13
occupationalinj001albe_10
occupationalinj001albe_11
occupationalinj001albe_12
occupationalinj001albe_13
occupationalinj001albe_14
occupationalinj001albe_15
occupationalinj002albe_10
occupationalinj002albe_11
occupationalinj002albe_12
occupationalinj002albe_13
occupationalinj002albe_14
occupationalinj002albe_15
occupationalinj002albe_16
occupationalinj1994albe_0
occupationalinj1995albe_0
occupationalinj1997albe_0
occupationalinj1998albe_0
occupationalinj1999albe_5
occupationalinj1999albe_6
occupationalinj1999albe_7
occupationalinj1999albe_8
occupationalinj1999albe_9
occupationalinj2000albe_5
occupationalinj2000albe_6
occupationalinj2000albe_7
occupationalinj2000albe_8
occupationalinj2000albe_9
occupationalinj2001albe_6
occupationalinj2001albe_7
occupationalinj2001albe_8
occupationalinj2001albe_9
occupationalinj2002albe_7
occupationalinj2002albe_8
occupationalinj2002albe_9
occupationalinj2003albe_6
occupationalinj2003albe_7
occupationalinj2004albe_5
occupationalinj2005albe_6
occupationalinj999albe_10
occupationalinj999albe_11
occupationalinj999albe_12
occupationalinj999albe_13
occupationalinj999albe_14
occupationalinju1994albe
occupationalinju1995albe
occupationalinju1996albe
occupationalinju1997albe
occupationalinju1998albe
officeergonomics00albe
oilfieldmaintena1993albe
oldageincomesecu00cana
oldageincomesecu00cana_0
olderpersonsinal00albe
omnialbertajanua00lger
ontarioscleanair00ontauoft
ontla_354342
ontla_354347
ontla_354368
ontla_354376
ontla_354377
ontla_354378
ontla_354379
ontla_354385
ontla_354397
ontla_354399
ontla_354400
ontla_354454
ontla_354454-f
ontla_354475
ontla_354475-f
ontla_354723
ontla_354899
ontla_354899-f
opportunitiesfor00nort
opportunitiesfor00nort_0
optingoutofmedic00tuoh
organizationrevi00unse
ourbillofhealthr00wagn_0
ourhealthourfutu00heal
ourhealthourfutu00heal_0
ourhealthourfutu00heal_1
ourhealthourfutu00heal_2
ourhealthourfutu00heal_3
ourhealthourfutu00heal_4
ourhealthourfutu00heal_5
ourhealthourfutu00heal_6
ourhealthourfutu00heal_7
ourhealthourfutu00heal_8
ourhealthourfutu00heal_9
overviewofbestpr01albe
overviewofeffect00prem
overviewoffinanc00onta
overviewofmodifi00albe_0
overviewofriskfa00prem
parasitesofhorse152came
partnersinhealth00albe
patientclassific05albe
patientclassific06albe
patientclassific07albe
patientclassific08albe
patientclassific09albe
payoffworkplacep00albe
payrolltaxforont00onta
permitapplicantg00snsn17602
personsunderimmi00albe
perspectiveonhea00newm
physicalhealthed00onta_1
physicalhealthed00onta_2
physicalhealthed00onta_3
physicalhealthed00onta_4
physicalhealthed00onta_5
physicalhealthed00onta_6
physicalhealthed1973onta
physicalhealthed1978onta
phytotoxicolog3192ontauoft
poisonhorsesby
policyrecommenda00horn
policystatemento00albe_0
populationestima00albe
populationprojec00albe
populationprojec00albe_0
positivefutureso00albe_0
predictorsofmult00wang
predictorsofpret00twil
preliminaryrepor00albe_0
premierscommiss1988
premierscommiss1989
prenatalnutritio00albe
prenatalpostnata00albe_0
preoperatwestmins00mcil
prevalenceofheal00albe
prevalenceofvene00cana
prevendissheep
principlesrecomm00albe
privatesewagedis00albe
proceedingsofsem00onta
proceedingsofthi00symp
proceedupgrade82onta
profileofhtaprog00hail_0
programmefornurs00albe
programmefrsenio00albe
programsfornativ1987albe
promotinghealtho00para_0
promotingsafetyo00albe_0
promotiontestsgr01albe_1
promotiontestsgr02albe_0
promotiontestsgr03albe_0
proposalforpremi00unse_0
proposedregulati00albe
protectingground00snsn21842
protectingpeople00albe_0
publichealthadv198586
publichealthadv198687
publichealthadv198788
publichealthadv198889
publichealthadv198990
publichealthadv199192
publichealthadv199293
publichealthadv199394
publichealthadv199495
publichealthadv199596
publichealthadv199697
publichealthadv199798
quantitativeappr00leer_0
qucalendarmed1902
qucalendarmed1903
rabiesyourpet00cana
radiologicalheal00ontauoft
rainbowreportour01prem
rainbowreportour02prem
rainbowreportour03prem
rainbowreportourprem
rangelandhealtha2005adam
rangeplantcommun00adam_2
rangeplantcommun00adam_3
rangeplantcommun00adam_4
rapportprovisoir00akan
reachingagreemen00albe_0
recommendationsf00snsn21664
recommendedpract00albe_0
reddeerdistricts00albe_0
regionalmunicipa00unse_15
regionalmunicipa00unse_16
regionalmunicipa00unse_17
regionalmunicipa00unse_18
regionalmunicipa00unse_19
regionalmunicipa00unse_20
regionalmunicipa00unse_21
regulatoryoption00albe
reportnursingedu00albe
reportofactiviti1996albe
reportofactiviti1997albe
reportofactiviti1998albe
reportofactiviti1999albe
reportofactiviti2001albe
reportofalbertah00albe
reportofauditorg2005albe
reportofchildwel00albe
reportofcommissi00hinc
reportofhealthin00albe
reportofhealthpl00must
reportofinquiryi00albe
reportofmedicals00onta
reportofmentalhe00unse
reportofmidwifer00albe
reportofoccupati00unse
reportofroyasbest01onta
reportofroyasbest02onta
reportofroyasbest03onta
reportofroyelecpow06onta
reportofroyworkmine00onta
reportofsickkids00onta
reportofspeciall00spec
reportoftaskforc00smit
reportofworkersh01unse
reportofworkersh03unse
reportofworkplac00smit
reportoncorporat00cuff_0
reportondesignat01unse
reportondesignat02unse
reportondesignat03unse
reportonh2stoxic00albe_0
reportonhealthef00heal
reportonhealthof00albe
reportonhealthof2006albe
reportonprelimin00dasa_0
reportonspeciala00unse
reportscopeofwor00jacq_0
reporttominister00spec
researchagendain00fras
researchinformat16albe
residentialservices198341
residentshealths04unse
residentsinalber00albe
responsetocasema00albe
responsetofinalr00heal
responsetoreport00unse_1
resultsofenviron00ontauoft
resultsofpublics00shar
resultsofstudyam00albe_0
reviewofhealthre00onta
reviewofindicato00wray
rightonmoneyalbe00garr_0
ringwormringworm00albe
riskapproachappr00albe_0
riskapproachappr00alpe_0
rustresearchinca00john
safesecureguidet00albe
safesecureguidet00albe_0
safetyguideforfa00albe
satisfactionexpe2003heal
scabiestheitch00albe
scarletfeverstre00albe
scheduleofoptome15albe
scheduleofoptome16albe
scheduleofoptome17albe
scheduleofoptome19albe
scheduleofoptome20albe
scheduleofoptome21albe
schoolcadetcorps00onta
science2401albe
science2401albe_0
science2402albe
science2402albe_0
science2403albe
science2403albe_0
science2403albe_1
science2403albe_2
science2404albe
science2404albe_0
science2404albe_1
science2404albe_2
science2405albe
science2406albe
science2407albe
science2408albe
science2411albe
science2418albe
science2422albe
screentestalbert0103albe
screentestalbert0305albe
selfmanagedcarep00albe
selfmanagedcarep00albe_0
seminarprochealth00onta
seniordivisionph00onta
seniordivisionph00onta_0
sensenonsensehea00albe_2
sensenonsensehea00albe_3
sensenonsensehea00albe_4
sensenonsensemak00hawk
servicesforagedi00cana
settingstagefors00aryc
settingstagefors00blai
sexuallytransmit00albe_3
sexuallytransmit00albe_4
sexuallytransmit00albe_5
sexuallytransmit00albe_6
sexuallytransmit00albe_7
sexuallytransmit1997albe
shoppingforfoodn00cana
smallbusinesshea00cana
smogmattersphysi00snsn21385
soapstoneseedbea00stap_0
socialhealthindi00slav
socialhealthissu00unse
socresinvedm1983
socresinvnwt1983
socresinvnwt1985
socresinvnwt1989
socresinvnwt1991
socresinvsth1984
soilinvesitgatio00ontauoft
soilinvestcolbor00onta
soilinvestigatio00ontauoft
soilinvestigatio4255ontauoft
soilqualityguide01albe
soilqualityguide02albe
soilremediationg01albe
soilremediationg02albe
solventreclamati00giesuoft
southsaskatchewa00sout_0
southsaskatchewasout
southsaskatchewasout_0
speakingsafety1982
speakingsafety1983
speechlanguagepa00albe
startingpointsre00albe
statisticalrepor00albe
statisticalrepor00albe_0
statisticalrepor00albe_1
statisticalrepor00albe_2
statisticalrepor00albe_3
statisticalrepor00albe_4
statisticalrepor00albe_5
statisticalsuppl1986albe
statisticalsuppl1987albe
statisticalsuppl3119albe
std01079133.ome
std01079454.ome
std01079796.ome
stdprod080756.ome
stdprod082393.ome
stdprod082400.ome
stdprod082408.ome
stdprod083056.ome
stdprod092057.ome
stratchconatrust00onta
strategicdirecti00albe
strategicoptions00rmcr
strengtheningcir00albe
stsrepstdsev1992
stsrepstdsev1993
stsrepstdsev1994
stsrepstdsev1995
stssochygsev1981
stssochygsev1982
stssochygsev1983
stssochygsev1984
studyofactivitie00albe
studyofairpollut00rols
studyofairpollut00rols_0
studyofhealthofr02unse
studyofhealthofr03unse
studyofimpactof200albe_0
studyofoperation00albe
studyofoperation00higo
substanceusealbe01pric
substanceusealbe02pric
substanceuseprev00albe_0
summaryercbfield00conc_0
summaryreporthea00ontauoft
supplementaryinf00onta
supplementtophys00onta
supportiveliving00albe_3
surveyabouthealt1999albe
surveyabouthealt2001albe
surveyofalbertas00albe
surveyofhealthso00onta
surveyofoccupati00albe
sustainablehealt00mlat_0
swanhillsspecial00albe_0
swinevesiculardi00cana
synopsisofdigene00kenn
synopsisofparasi00kenn
synopsisofparasi00kenn_0
synopsisofparasi00kenn_1
synopsisofparasi00kenn_2
synopsisofparasi00marg
synopsisofparasi00mcla
synopsisofparasi00samu_0
synopsisofparasi00wong_0
systematicassess01crow
systematicassess02crow
telephonetelecom00albe
thedelorovillag00snsn21555
theoriesofaccide00harv
therapeuticabort1985albe
thishospitalenc00snsn21447
ticksaffectingma00smit
towardintegratio00albe
towardsnewvision00albe
toxicityhealthas00mast
triggerpointinje00scot_0
tuberculosisinal1997albe
tuberculosisplea00albe
understandingper00albe
understandingper00albe_0
updateonhealthin01albe
updateonhealthin02albe
updateonhealthin03albe
updateonhealthin04albe
updateonhealthin05albe
updateonhealthin06albe
updateonhealthin07albe
updateonhealthin08albe
updateonhealthin09albe
updateonhealthin10albe
upstreamoilgas971993albe
upstreamoilgasal1999albe
upstreamoilgasal2000albe
upstreamoilgasal2001albe
upstreamoilgasal2002albe
upstreamoilgasal2003albe
useofclinicalgui00ocon
utilizationofmed00albe
vaccinationdesve00cana
velogenicnewcast00cana
ventilationforco00kwan
veterinaryparasi00kenn
vicphytotoxico00kincuoft
viewtofuturereco00albe_0
wabamunareacommu00albe_1
wabamunareacommu00albe_2
warbleflieseco
warbleflieshyp
wastemanagementg00albe
wastemanagpublic72onta
wearelisteninghe00albe
wellnesscurricul00bate
wellservicingwit1993albe
whatismultimedia00ontauoft
whatyouvesaid1989
whmisinformation00albe_1
whoisaccountable00albe
whoopingcough00albe
windsorairqualit00szakuoft
workingalonesafe00mini_0
workingalonesafe00mini_1
workinginpartner00albe
year2000symposiu00nati
yourairyourhealt00albe
youreamazingprog00albe
yourfuturehealth00albe
